('DPQ', [293, 401, 689, 749, 905, 1577, 2825, 3521, 3545, 3725, 5441, 6524])
('GRM', [388, 496, 880, 952, 1264, 2512, 3220, 4444, 4852, 4900, 4996, 5728])
('GPK', [467, 839, 1067, 1211, 1559, 2075, 2675, 2999, 3083, 3167, 4535, 5279])
('VOI', [0, 924, 2088, 2496, 2760, 2808, 4428, 4476, 5424, 5580, 5652])
('LVR', [188, 344, 788, 1676, 2132, 2540, 2744, 2828, 2936, 5096, 5480])
('ALS', [1897, 2149, 2209, 3205, 3253, 3637, 3901, 4333, 5665, 5893, 6484])
('SBQ', [488, 626, 1316, 1832, 2138, 2564, 3704, 4040, 4952, 6371])
('BTW', [522, 858, 1710, 1866, 1938, 2646, 3042, 3918, 4686, 6237])
('HXW', [2725, 3289, 3649, 3673, 4249, 4669, 4777, 5065, 5569, 5785])
('NTF', [166, 442, 994, 1462, 1630, 1918, 3982, 4330, 4654])
('HUK', [417, 1881, 2109, 2553, 2607, 3669, 4107, 5025, 5541])
('OAN', [603, 1590, 3831, 3879, 4575, 4827, 5454, 6402, 6558])
('HVY', [781, 2529, 2533, 3243, 3663, 4311, 4347, 4737, 5883])
('OPN', [323, 1055, 1787, 1991, 2013, 3393, 3563, 4907])
('QFH', [583, 919, 2527, 2755, 2923, 4327, 5815, 5995])
('GNG', [2398, 3022, 3334, 3814, 4414, 4750, 5242, 5338])
('XWB', [2726, 3674, 4250, 4670, 4778, 5066, 5570, 5786])
('WBX', [2727, 3675, 4251, 4671, 4779, 5067, 5571, 5787])
('ZSE', [26, 698, 1238, 3944, 4658, 5138, 5810])
('LRH', [61, 1597, 3049, 4393, 5113, 5461, 5593])
('ZJL', [71, 1103, 2051, 2195, 2363, 4223, 5795])
('MFR', [1015, 1819, 2455, 3331, 3739, 4351, 4723])
('BPO', [3561, 3627, 3759, 5163, 5452, 5677, 5821])
('OPK', [35, 503, 1523, 1547, 5231, 5987])
('KSB', [37, 505, 1525, 1831, 2869, 5233])
('SAZ', [69, 3189, 4893, 5493, 6300, 6384])
('KVR', [104, 1860, 2028, 3924, 4020, 4401])
('OEH', [181, 359, 2269, 3217, 4897, 5965])
('WAM', [273, 2085, 2493, 2805, 4632, 4680])
('YBT', [470, 842, 1070, 1214, 3365, 5282])
('RXB', [484, 1624, 2548, 3688, 6088, 6535])
('QZY', [490, 1878, 2106, 2334, 4506, 6066])
('GFZ', [657, 1533, 2178, 3138, 4448, 4938])
('ABQ', [800, 1088, 1580, 4184, 4280, 6080])
('CAI', [828, 888, 1368, 2277, 3300, 3360])
('RRR', [1094, 2786, 4190, 4286, 5366, 6086])
('FCB', [1144, 3399, 4912, 5828, 5918, 6271])
('MJR', [1190, 2191, 5510, 5954, 6050, 6377])
('GOQ', [1324, 2002, 4438, 4546, 5470, 6389])
('UFU', [1459, 1699, 2839, 3379, 3715, 5407])
('IBP', [3446, 3590, 3758, 5162, 5676, 5820])
('WAO', [15, 33, 4167, 4743, 5229])
('SEC', [27, 699, 1239, 4659, 6318])
('PKS', [36, 504, 1524, 1560, 5232])
('SBR', [38, 506, 1526, 2870, 5234])
('RCQ', [40, 508, 1528, 5236, 6223])
('OGK', [45, 285, 669, 729, 6192])
('FZS', [55, 3139, 3943, 4111, 4939])
('NXL', [172, 244, 2008, 4876, 5416])
('VOE', [180, 2268, 3216, 4896, 5964])
('QLV', [187, 463, 691, 2827, 6043])
('MZL', [306, 2946, 3750, 4074, 5010])
('XLV', [343, 1392, 5388, 5556, 6171])
('RBA', [364, 1192, 5512, 5956, 6052])
('FBR', [368, 444, 996, 1632, 5316])
('EYV', [406, 910, 2890, 3496, 5374])
('LVO', [464, 836, 923, 2759, 4427])
('OGP', [466, 838, 1066, 1210, 5278])
('PKY', [468, 840, 1068, 1212, 5280])
('KYB', [469, 841, 1069, 1213, 5281])
('RRX', [483, 1095, 4191, 4287, 6087])
('TGR', [495, 879, 2511, 5060, 5247])
('QKG', [535, 2587, 3607, 4267, 5935])
('HUO', [543, 1611, 4203, 5127, 5211])
('TKU', [551, 1346, 1403, 2579, 6566])
('NDM', [592, 1168, 3316, 3700, 5500])
('UHC', [610, 745, 757, 1405, 6568])
('CAY', [660, 2307, 2460, 3423, 4119])
('GUX', [720, 2880, 3348, 3936, 6315])
('AOA', [760, 1408, 4168, 6439, 6571])
('BGN', [765, 3813, 4413, 5241, 5837])
('FGP', [991, 2998, 3082, 3166, 4534])
('KVP', [1025, 3797, 5927, 6101, 6512])
('XKQ', [1097, 3161, 4193, 4289, 5549])
('HRR', [1117, 1741, 2785, 4009, 4093])
('OAJ', [1149, 3273, 3573, 4077, 4821])
('WUM', [1188, 2220, 5508, 5952, 6048])
('JRB', [1191, 5343, 5511, 5955, 6051])
('LVG', [1393, 4748, 5389, 6172, 6328])
('OZU', [1457, 1697, 2837, 3405, 5129])
('IZV', [1506, 3594, 3762, 5166, 6321])
('OLR', [1596, 3048, 4392, 5460, 5592])
('VSI', [1844, 3680, 4916, 6227, 6527])
('SIK', [1845, 3681, 4917, 6228, 6528])
('IKN', [1846, 3682, 4918, 6229, 6529])
('KNV', [1847, 3683, 4919, 6230, 6530])
('NVT', [1848, 3684, 4920, 6231, 6531])
('NZK', [1858, 2026, 3454, 3922, 4018])
('ZKV', [1859, 2027, 3088, 3923, 4019])
('RUH', [1894, 2146, 3202, 4462, 5662])
('VDJ', [1900, 2152, 3952, 6247, 6415])
('ZGK', [2327, 5975, 6178, 6250, 6418])
('WBG', [2408, 3260, 3500, 5348, 6347])
('UQF', [2526, 2754, 2922, 4326, 5814])
('ULW', [2779, 3091, 5515, 5959, 6055])
('VYV', [3244, 3664, 4312, 4348, 5884])
('MCA', [3422, 4118, 4634, 4682, 6497])
('BQG', [3772, 4041, 5176, 5310, 6372])
('KWA', [14, 1154, 2084, 2384])
('ABT', [20, 1952, 2048, 6491])
('PPZ', [24, 696, 1236, 3469])
('BRC', [39, 507, 1527, 5235])
('CQM', [41, 509, 1529, 5237])
('MVO', [43, 2087, 2495, 2807])
('VOG', [44, 465, 837, 1970])
('POG', [78, 566, 5678, 5822])
('GZB', [80, 1652, 4028, 4088])
('TVL', [95, 1295, 3311, 6326])
('EBQ', [134, 710, 4034, 6449])
('VSL', [138, 2130, 2934, 5334])
('BAX', [162, 1626, 2550, 6537])
('LGF', [174, 656, 3137, 4937])
('OPA', [213, 2255, 3251, 3791])
('UPL', [251, 803, 875, 1583])
('WGG', [296, 1940, 3020, 3344])
('GGG', [297, 1941, 4509, 6396])
('WMZ', [305, 2945, 3749, 4073])
('LCS', [308, 2948, 3752, 4528])
('ZJP', [311, 1955, 2975, 5123])
('JPW', [312, 1956, 4200, 5124])
('BQU', [354, 801, 1581, 3882])
('OXG', [394, 1137, 4177, 5874])
('MVS', [427, 954, 1843, 3103])
('TFB', [443, 995, 1631, 2690])
('BQZ', [489, 1877, 2565, 2692])
('STG', [494, 878, 2510, 5433])
('DEY', [531, 2583, 2991, 3027])
('KUK', [552, 2016, 2580, 5772])
('LQF', [582, 918, 1554, 5994])
('NCZ', [605, 4367, 5633, 5687])
('ZYH', [607, 1879, 2107, 3693])
('ZQK', [630, 4977, 5217, 6285])
('SHR', [644, 3464, 4082, 4556])
('LVN', [692, 2852, 3452, 6044])
('XGT', [722, 1138, 1771, 1979])
('SEY', [741, 2889, 3849, 5373])
('KUH', [756, 1404, 4956, 6567])
('CAO', [759, 1407, 1521, 6570])
('ZOV', [772, 4696, 4948, 5560])
('OVF', [773, 4697, 4949, 5561])
('RNI', [784, 3808, 4353, 4403])
('ACA', [827, 887, 2360, 3284])
('RDP', [904, 1576, 3520, 5404])
('WBN', [986, 1226, 3920, 4484])
('IOU', [1011, 2524, 2752, 4324])
('VRS', [1081, 2541, 5259, 5941])
('BQK', [1089, 4185, 4281, 6081])
('QKR', [1090, 4186, 4282, 6082])
('KRL', [1091, 4187, 4283, 6083])
('RLR', [1092, 4188, 4284, 6084])
('LRR', [1093, 4189, 4285, 6085])
('DMD', [1169, 1913, 1915, 3701])
('UMJ', [1189, 5509, 5953, 6049])
('BAU', [1193, 5513, 5957, 6053])
('AUL', [1194, 5514, 5958, 6054])
('UMB', [1249, 1753, 4441, 4549])
('VQK', [1254, 3606, 4266, 5934])
('PKI', [1260, 1548, 3319, 5988])
('GBG', [1268, 1808, 3656, 4412])
('SEK', [1353, 3945, 5049, 5907])
('GVZ', [1425, 2721, 3369, 5721])
('NMB', [1453, 1693, 2833, 2873])
('NSE', [1592, 3848, 4848, 5456])
('SET', [1593, 1768, 2601, 5457])
('ARX', [1623, 2547, 3687, 6534])
('XBA', [1625, 2549, 4181, 6536])
('ZGZ', [1651, 2663, 4027, 4087])
('ISG', [1747, 2155, 2611, 5863])
('XVR', [1790, 1994, 4382, 5258])
('WBT', [1797, 3549, 4473, 4593])
('JMS', [1813, 3433, 3733, 5029])
('MSA', [1814, 3434, 3734, 5030])
('SAM', [1815, 3147, 3435, 3735])
('RHB', [1875, 4394, 4839, 5594])
('UHA', [1895, 2147, 3203, 5663])
('HAL', [1896, 2148, 3204, 5664])
('PWD', [1957, 2249, 3353, 4277])
('OGS', [1971, 2319, 5679, 5823])
('OQU', [2003, 4439, 4547, 5471])
('QAF', [2069, 4566, 5358, 5754])
('TXQ', [2104, 5226, 5694, 6211])
('SVS', [2129, 2477, 2933, 5333])
('HPG', [2172, 2701, 3013, 6009])
('HGR', [2223, 3219, 4899, 4958])
('QLG', [2304, 3136, 4936, 5056])
('GVT', [2433, 4269, 5937, 6564])
('SMH', [2449, 4525, 4813, 5041])
('AEH', [2557, 4247, 4667, 4775])
('ODS', [2682, 2994, 3030, 4554])
('VZW', [2722, 4630, 4678, 5602])
('HRN', [2739, 3807, 4299, 4707])
('SGU', [2879, 3347, 3477, 3935])
('IBG', [2894, 3842, 4790, 5426])
('LWR', [3092, 5516, 5960, 6056])
('WRY', [3093, 5517, 5961, 6057])
('MLW', [3127, 4471, 4591, 5983])
('IRG', [3302, 3362, 5186, 6074])
('VZD', [3370, 5722, 6142, 6181])
('AMC', [3421, 4633, 4681, 6496])
('EPI', [3444, 3588, 3756, 5160])
('PIB', [3445, 3589, 3757, 5161])
('LOA', [3506, 3830, 4076, 4820])
('QZK', [3870, 4626, 4674, 5598])
('KHV', [3947, 4628, 4676, 5600])
('ZWA', [4631, 4679, 5603, 6110])
('DAB', [19, 1951, 4279])
('APP', [23, 1235, 4127])
('PZS', [25, 697, 1237])
('CQF', [29, 1241, 3617])
('QFQ', [30, 1555, 3570])
('AOP', [34, 1522, 5230])
('GKU', [46, 6251, 6419])
('ZSA', [68, 259, 5401])
('AZJ', [70, 2362, 3286])
('KHP', [84, 419, 1883])
('RTV', [94, 4498, 6325])
('WHN', [98, 4970, 5498])
('VRJ', [105, 2937, 5097])
('PRV', [112, 1838, 3064])
('JVS', [120, 1704, 6267])
('YZG', [130, 206, 1322])
('BQE', [135, 711, 4611])
('SLV', [139, 2131, 2935])
('FUP', [142, 682, 874])
('QYZ', [145, 685, 6019])
('YVM', [149, 4313, 4349])
('FPR', [168, 852, 4623])
('PNX', [171, 1788, 1992])
('ZVO', [179, 2267, 4895])
('EHG', [182, 3218, 4898])
('GSU', [184, 796, 3304])
('SUQ', [185, 797, 3305])
('RXG', [190, 1978, 5398])
('GBX', [195, 537, 6135])
('KGB', [199, 536, 3644])
('JYZ', [205, 1321, 2260])
('XOP', [212, 2372, 2636])
('WGF', [219, 3080, 6263])
('LSA', [236, 3254, 3638])
('EOE', [240, 648, 752])
('LQO', [253, 4225, 4573])
('FLV', [276, 5095, 6519])
('ZLC', [307, 2947, 3751])
('QZW', [318, 738, 3078])
('ZWS', [319, 739, 5947])
('NWQ', [325, 5887, 6478])
('SST', [340, 1273, 2044])
('BPB', [352, 2079, 2667])
('UVA', [356, 1733, 3884])
('AOE', [358, 3256, 4744])
('CSD', [399, 747, 2823])
('SDP', [400, 748, 2824])
('QXW', [403, 907, 2034])
('WEY', [405, 909, 3495])
('YVD', [407, 2891, 4520])
('KMV', [426, 3102, 3890])
('VSZ', [428, 1705, 6268])
('SZO', [429, 4113, 4947])
('PNT', [441, 993, 1629])
('BRU', [445, 997, 1633])
('JKA', [448, 983, 1223])
('BTY', [471, 843, 4594])
('BES', [486, 3187, 4891])
('ESB', [487, 2563, 6370])
('FRO', [501, 1016, 4755])
('RGP', [514, 1310, 1558])
('GYI', [528, 1603, 3112])
('IDE', [530, 1682, 3026])
('OGO', [567, 2001, 5469])
('NCI', [576, 664, 1504])
('IGG', [578, 3338, 5306])
('GGE', [579, 2115, 3015])
('GEL', [580, 2116, 3016])
('IND', [591, 3474, 5586])
('YHU', [608, 1880, 2108])
('CUH', [612, 744, 5616])
('HIA', [614, 1418, 5618])
('EMK', [618, 2382, 2730])
('GSB', [625, 3580, 5450])
('TOL', [652, 1595, 5459])
('FZC', [658, 2458, 3322])
('GNC', [663, 766, 4378])
('IEL', [666, 786, 1563])
('ELO', [667, 1615, 4819])
('LOG', [668, 2318, 3722])
('GTB', [723, 5576, 6186])
('MOG', [728, 1266, 6191])
('GKF', [730, 5076, 6193])
('HCA', [758, 1406, 6569])
('OAU', [761, 1409, 6572])
('QAB', [799, 1579, 6079])
('QUP', [802, 1582, 3898])
('LWW', [805, 1585, 6208])
('SJO', [823, 883, 3403])
('OQA', [825, 885, 945])
('AIR', [829, 3301, 3361])
('PRU', [853, 949, 5149])
('WFV', [860, 1076, 2204])
('LST', [877, 2509, 4489])
('IGY', [890, 1602, 2343])
('KBQ', [893, 3533, 5309])
('GJE', [900, 1716, 3780])
('SFS', [915, 1083, 5943])
('FHB', [920, 1232, 2756])
('BLV', [922, 2758, 4426])
('FRZ', [927, 4724, 6360])
('NDW', [931, 3822, 5587])
('RRB', [938, 1983, 4689])
('UPP', [971, 2899, 4715])
('PRH', [973, 2437, 5209])
('RHU', [974, 5210, 6365])
('RJK', [982, 1222, 5098])
('KAW', [984, 1224, 3456])
('MFG', [990, 1531, 5719])
('KGR', [1003, 2799, 3231])
('OIO', [1010, 4175, 5872])
('BTZ', [1029, 1953, 2049])
('GOP', [1054, 1546, 3790])
('KWG', [1058, 5852, 6467])
('TFV', [1079, 4655, 5939])
('RSF', [1082, 4910, 5942])
('EAB', [1087, 3811, 4171])
('RXK', [1096, 4192, 4288])
('QTI', [1180, 5700, 6451])
('MBQ', [1250, 4145, 4610])
('BGX', [1269, 3657, 5349])
('STA', [1274, 5565, 5781])
('WGN', [1281, 1712, 5649])
('MUL', [1290, 1398, 2514])
('NTV', [1294, 1906, 6217])
('SAO', [1301, 3255, 3639])
('GPR', [1311, 5148, 5208])
('HGH', [1333, 4151, 4309])
('GHR', [1334, 4298, 4706])
('FIJ', [1342, 1702, 6265])
('HTK', [1345, 2842, 5410])
('OVQ', [1360, 3605, 5933])
('RCA', [1367, 3196, 3359])
('BBG', [1384, 2883, 5194])
('BGU', [1385, 1809, 2709])
('IAO', [1389, 2313, 5385])
('AOX', [1390, 5386, 6169])
('OXL', [1391, 5387, 6170])
('VGV', [1394, 5390, 6413])
('GVD', [1395, 5391, 6414])
('ZAV', [1427, 4981, 5857])
('JWA', [1430, 2492, 2804])
('KPN', [1451, 1691, 2831])
('PNM', [1452, 1692, 2832])
('MBR', [1454, 1694, 2834])
('BRO', [1455, 1695, 2835])
('ROZ', [1456, 1696, 2836])
('ZUF', [1458, 1698, 2838])
('MEQ', [1465, 5017, 6256])
('KGT', [1471, 4339, 5107])
('KUW', [1482, 2352, 5219])
('CIZ', [1505, 3961, 6320])
('XLQ', [1553, 4781, 5993])
('UYV', [1567, 4519, 5131])
('AYF', [1573, 2911, 3121])
('ANS', [1591, 4479, 5455])
('ETO', [1594, 3391, 5458])
('RHV', [1598, 1968, 5114])
('GVJ', [1644, 4236, 5004])
('HRM', [1647, 4023, 4083])
('RMP', [1648, 4024, 4084])
('MPZ', [1649, 4025, 4085])
('PZG', [1650, 4026, 4086])
('ZBM', [1653, 4029, 4089])
('BMA', [1654, 4030, 4090])
('KCI', [1680, 2844, 5868])
('SZB', [1706, 3770, 5174])
('TWG', [1711, 1939, 4922])
('NSG', [1714, 3427, 5890])
('BUG', [1806, 4062, 5910])
('UGB', [1807, 4063, 5911])
('UJM', [1812, 3432, 5028])
('AMM', [1816, 3148, 3436])
('MMF', [1818, 3330, 5718])
('VXO', [1840, 2392, 2572])
('RTB', [1862, 2234, 4466])
('TBB', [1863, 2235, 4467])
('IRH', [1874, 3278, 4838])
('GGN', [1887, 3021, 3502])
('SVD', [1899, 2151, 3951])
('CFD', [1911, 2679, 3915])
('KIJ', [1921, 3181, 4885])
('IJR', [1922, 3182, 4886])
('JRV', [1923, 3183, 4887])
('RVW', [1924, 3184, 4888])
('VWB', [1925, 3185, 4889])
('WGR', [1935, 3824, 4515])
('HVO', [1969, 2451, 4815])
('GSW', [1972, 5680, 5824])
('SWZ', [1973, 5681, 5825])
('ZNX', [2007, 4761, 4875])
('OYY', [2037, 5085, 5289])
('WAQ', [2067, 6111, 6234])
('BMM', [2081, 2669, 6090])
('MMK', [2082, 2670, 4662])
('AMV', [2086, 2494, 2806])
('OIW', [2089, 4429, 5653])
('UDZ', [2095, 4531, 4759])
('DJI', [2153, 3953, 6144])
('FZR', [2167, 2815, 4154])
('FZO', [2179, 2227, 5155])
('GYE', [2188, 2604, 5158])
('GRI', [2224, 4581, 5092])
('BBU', [2236, 4468, 5361])
('QVK', [2239, 3873, 5223])
('SAD', [2283, 3867, 5031])
('ZYO', [2335, 4905, 4965])
('YKU', [2351, 4739, 6059])
('FAC', [2359, 3283, 5446])
('GFL', [2375, 2507, 6518])
('VYW', [2406, 3498, 5346])
('YWB', [2407, 3499, 5347])
('GZQ', [2410, 4976, 5302])
('RRM', [2427, 2787, 5367])
('KSM', [2448, 2484, 4812])
('QJS', [2467, 4243, 4771])
('LGJ', [2490, 2802, 3599])
('USZ', [2500, 3769, 5173])
('CIO', [2523, 2751, 5103])
('OUQ', [2525, 2753, 4325])
('KLV', [2539, 2743, 2851])
('KUA', [2555, 2597, 5483])
('UAE', [2556, 2712, 5484])
('HGV', [2569, 2686, 6037])
('HVR', [2593, 2734, 5364])
('RCB', [2644, 5474, 6379])
('CBT', [2645, 4685, 6005])
('NZG', [2662, 5626, 5974])
('MKS', [2671, 3895, 4663])
('KSQ', [2672, 3896, 4664])
('FHP', [2700, 5996, 6195])
('MBG', [2708, 4442, 4550])
('GDP', [2716, 3724, 5020])
('KGV', [2720, 4268, 5936])
('GHV', [2733, 4310, 6543])
('VHR', [2738, 3764, 5168])
('GRL', [2800, 5248, 5528])
('VNZ', [2853, 3453, 6045])
('ZRY', [2855, 3191, 3819])
('CEZ', [2907, 3904, 4221])
('YVL', [2987, 3268, 4571])
('VLV', [2988, 3156, 6327])
('DSA', [2995, 3031, 6002])
('AFG', [2997, 4567, 5755])
('MPG', [3006, 3786, 4410])
('SYK', [3045, 3105, 5667])
('TEL', [3059, 4103, 4487])
('GQO', [3099, 3927, 4293])
('SQL', [3135, 4935, 5055])
('RGF', [3175, 4447, 6517])
('ESA', [3188, 4892, 5492])
('EHV', [3242, 4346, 5882])
('AJC', [3274, 3418, 4822])
('ZJH', [3287, 3647, 6362])
('RGY', [3363, 5187, 6075])
('UGU', [3381, 6253, 6421])
('UPH', [3407, 4007, 5904])
('SOE', [3442, 3586, 5014])
('PQH', [3522, 3546, 3726])
('HFB', [3536, 3728, 5192])
('POP', [3562, 5750, 5986])
('WIO', [3603, 5319, 5931])
('GNY', [3609, 5352, 5757])
('WGL', [3651, 3855, 4923])
('IAZ', [3691, 3955, 4903])
('AZY', [3692, 3956, 4904])
('JUS', [3768, 5172, 6334])
('GGH', [3777, 4510, 6397])
('ABG', [3800, 3812, 5240])
('SZR', [3818, 6221, 6515])
('LQN', [3834, 4542, 4782])
('QNS', [3835, 4783, 5889])
('YUR', [3838, 4786, 6116])
('GGR', [3908, 4580, 4851])
('IEK', [3993, 5298, 5622])
('CMM', [4037, 4661, 6308])
('WHU', [4106, 4202, 5126])
('VGN', [4210, 4749, 6173])
('VVQ', [4239, 4767, 6460])
('VQP', [4240, 4768, 5777])
('SQA', [4245, 4665, 4773])
('QAE', [4246, 4666, 4774])
('EHX', [4248, 4668, 4776])
('ACB', [4432, 4684, 6004])
('BGR', [4443, 5427, 6348])
('MGR', [4460, 5091, 5643])
('MHL', [4526, 5042, 6509])
('DQA', [4565, 5357, 5753])
('ZML', [4590, 5982, 6150])
('ZKH', [4627, 4675, 5599])
('HVZ', [4629, 4677, 5601])
('GAL', [4752, 5892, 6483])
('UOZ', [5128, 6431, 6443])
('BGV', [5380, 6273, 6381])
('KUG', [6060, 6252, 6420])
('IVV', [2, 6459])
('CBA', [5, 4913])
('BAJ', [6, 4302])
('LGU', [11, 1998])
('UKW', [13, 1153])
('AOM', [16, 3640])
('OMD', [17, 5706])
('MDA', [18, 5730])
('BTA', [21, 3366])
('ECQ', [28, 1240])
('QWA', [32, 5228])
('DWF', [53, 5588])
('WFZ', [54, 5154])
('SGN', [57, 4377])
('HHB', [63, 1130])
('BGI', [65, 2895])
('LHI', [73, 1417])
('OGZ', [79, 5855])
('BTK', [82, 1071])
('FMD', [89, 5849])
('FAR', [92, 512])
('LWH', [97, 4105])
('JFL', [107, 1784])
('LXS', [109, 3061])
('XSP', [110, 3062])
('SPR', [111, 3063])
('KQU', [116, 632])
('UKJ', [118, 5773])
('URC', [123, 5473])
('KTG', [126, 6500])
('ZGI', [131, 207])
('GIE', [132, 5297])
('IEB', [133, 709])
('QEV', [136, 712])
('EVS', [137, 713])
('UPQ', [143, 683])
('PQY', [144, 684])
('YZL', [146, 686])
('LYV', [148, 4570])
('MZS', [151, 4998])
('YID', [157, 529])
('TFP', [167, 851])
('FUN', [176, 1460])
('HGS', [183, 795])
('VRX', [189, 1201])
('GBR', [200, 4064])
('LCJ', [203, 1319])
('CJY', [204, 1320])
('ANA', [215, 3719])
('AIW', [217, 2278])
('GFI', [220, 6264])
('IZL', [222, 2055])
('WQU', [230, 326])
('QUO', [231, 5251])
('UOE', [232, 5212])
('OED', [241, 2919])
('AFZ', [247, 2863])
('FZL', [248, 2864])
('SAR', [260, 5402])
('AKI', [264, 4884])
('SNM', [268, 2211])
('AMF', [274, 2454])
('QMZ', [281, 1853])
('ZOO', [283, 3471])
('OOG', [284, 5465])
('JDP', [292, 4079])
('CSZ', [309, 705])
('SZJ', [310, 706])
('WSA', [314, 734])
('SAQ', [315, 735])
('AQQ', [316, 736])
('QQZ', [317, 737])
('WSE', [320, 740])
('PNW', [324, 1380])
('XOO', [331, 1358])
('OOF', [332, 872])
('OFZ', [333, 4422])
('ZQM', [335, 5495])
('QMY', [336, 2040])
('MYZ', [337, 2041])
('YZS', [338, 2042])
('ZSS', [339, 2043])
('STX', [341, 2045])
('VRT', [345, 1861])
('TGL', [347, 3551])
('GBP', [351, 6330])
('PBQ', [353, 1373])
('QUV', [355, 3883])
('VAO', [357, 870])
('EHP', [360, 5966])
('DRB', [363, 1959])
('BAA', [365, 4182])
('AFB', [367, 5359])
('RRQ', [370, 3862])
('QYI', [372, 3708])
('BTS', [375, 6006])
('SVQ', [377, 4265])
('QWF', [379, 3542])
('AMH', [391, 5743])
('PQX', [402, 906])
('XWE', [404, 908])
('FYN', [411, 3052])
('YNE', [412, 3053])
('EMJ', [414, 2190])
('UKH', [418, 1882])
('HPV', [420, 1884])
('PVG', [421, 1885])
('VGG', [422, 1886])
('GGK', [423, 5307])
('GKK', [424, 4992])
('ZOE', [430, 2097])
('EYN', [436, 532])
('AGF', [450, 5444])
('GFW', [451, 6502])
('WDA', [453, 4278])
('GII', [456, 3336])
('NEA', [460, 4829])
('YVS', [492, 2281])
('MYS', [498, 1495])
('QMF', [510, 1530])
('ARG', [513, 3174])
('GPD', [515, 5435])
('WYO', [519, 6129])
('YOB', [520, 1540])
('OBT', [521, 3041])
('TWF', [523, 859])
('WFR', [524, 6305])
('FRC', [525, 6306])
('XHU', [542, 2552])
('QYW', [547, 5950])
('YWA', [548, 812])
('WAT', [549, 1155])
('UKC', [553, 2017])
('KCS', [554, 5039])
('CSP', [555, 6024])
('SPW', [556, 3352])
('PWG', [557, 2981])
('WGJ', [558, 2982])
('MRG', [561, 4446])
('RGT', [562, 3826])
('GOZ', [568, 2630])
('ZAF', [570, 2158])
('HJK', [573, 5841])
('JKN', [574, 4846])
('ELQ', [581, 5899])
('FHF', [584, 2924])
('MTH', [587, 3539])
('DMP', [593, 3317])
('MPX', [594, 641])
('SVO', [599, 3209])
('VOF', [600, 1670])
('FOA', [602, 4232])
('CZY', [606, 4728])
('HCU', [611, 5615])
('UHI', [613, 5617])
('IAQ', [615, 5619])
('AQE', [616, 5036])
('OLG', [623, 1997])
('LGS', [624, 3462])
('QKQ', [631, 5254])
('QSA', [636, 3866])
('AVV', [638, 5858])
('VVM', [639, 5859])
('VMP', [640, 5860])
('PXS', [642, 4945])
('XEO', [647, 6290])
('OEB', [649, 5739])
('ZCA', [659, 2459])
('AYG', [661, 6357])
('CIE', [665, 4637])
('RSQ', [674, 2542])
('IYH', [678, 3661])
('LDP', [688, 3124])
('PQL', [690, 2826])
('VNT', [693, 3981])
('ECI', [700, 6319])
('CID', [701, 1681])
('QCS', [704, 1448])
('JGU', [719, 3491])
('TBI', [724, 6187])
('BIP', [725, 6188])
('IPM', [726, 6189])
('PMO', [727, 6190])
('KFH', [731, 6194])
('HCS', [746, 6023])
('QEO', [751, 3271])
('AUS', [762, 6573])
('USB', [763, 5804])
('SBG', [764, 5379])
('NCA', [767, 4379])
('CZO', [771, 4647])
('VFA', [774, 4698])
('FAG', [775, 4699])
('OHV', [780, 2532])
('VYR', [782, 2534])
('YRN', [783, 2535])
('NIE', [785, 3809])
('VRL', [789, 1677])
('RLK', [790, 1678])
('PLW', [804, 1584])
('WWN', [806, 1586])
('WNX', [807, 1587])
('ZYW', [811, 6067])
('GYW', [816, 6303])
('MSJ', [822, 882])
('JOQ', [824, 884])
('QAC', [826, 886])
('USK', [855, 1348])
('XUV', [863, 4763])
('AOO', [871, 3631])
('AIG', [889, 4234])
('GYK', [891, 3144])
('YKB', [892, 5668])
('BQJ', [894, 1374])
('VRH', [897, 4021])
('RHG', [898, 2685])
('HGJ', [899, 3779])
('JEA', [901, 1717])
('ARD', [903, 5403])
('VSF', [914, 3974])
('HBL', [921, 2757])
('UHP', [935, 4463])
('HPR', [936, 4464])
('PRR', [937, 1509])
('XME', [941, 1205])
('VSD', [955, 2478])
('DNT', [957, 1917])
('TGZ', [959, 4975])
('GZI', [960, 3024])
('SHV', [968, 4004])
('HVU', [969, 4005])
('VUP', [970, 4006])
('PPR', [972, 1837])
('MPM', [977, 1217])
('PMF', [978, 1218])
('MFU', [979, 1219])
('FUR', [980, 1220])
('URJ', [981, 1221])
('AWB', [985, 1225])
('BNW', [987, 1227])
('NWM', [988, 1228])
('GPN', [992, 5876])
('YOK', [1001, 1829])
('OIH', [1007, 2497])
('OUL', [1012, 4139])
('ULM', [1013, 1195])
('LMF', [1014, 4722])
('BVM', [1035, 2441])
('VMI', [1036, 4360])
('YRG', [1042, 6337])
('RGN', [1043, 3333])
('GRU', [1047, 4461])
('UWX', [1049, 1411])
('VGO', [1053, 5737])
('PNK', [1056, 2014])
('WGO', [1059, 5853])
('GOS', [1060, 5178])
('ZAY', [1063, 2910])
('FWF', [1075, 5671])
('VTF', [1078, 5938])
('FVR', [1080, 5940])
('FSI', [1084, 5944])
('SIE', [1085, 1562])
('IEA', [1086, 3810])
('IEZ', [1101, 4362])
('EZJ', [1102, 4222])
('JLV', [1104, 1764])
('VAB', [1106, 5629])
('MUF', [1110, 1230])
('UFG', [1111, 1723])
('FGG', [1112, 1724])
('DHR', [1116, 1740])
('RRH', [1118, 1742])
('RHX', [1119, 1743])
('HXO', [1120, 1744])
('UXL', [1127, 5555])
('LHH', [1129, 1609])
('WSQ', [1134, 5948])
('SQO', [1135, 2253])
('GTA', [1139, 1472])
('JWU', [1151, 5507])
('TWS', [1157, 3043])
('SBO', [1159, 5180])
('ZND', [1167, 5355])
('MDT', [1170, 2443])
('SPG', [1173, 2505])
('XHX', [1203, 5064])
('MEL', [1206, 1614])
('BAP', [1234, 6241])
('BQY', [1251, 6018])
('WRA', [1257, 3234])
('RAP', [1258, 6350])
('KIF', [1261, 3320])
('IFG', [1262, 5295])
('OGB', [1267, 3655])
('OWG', [1280, 5648])
('GNH', [1282, 2783])
('GIY', [1286, 2174])
('IYD', [1287, 2175])
('DMU', [1289, 1397])
('ULJ', [1291, 1399])
('LJN', [1292, 1400])
('JNT', [1293, 1401])
('LGV', [1297, 6563])
('GVA', [1298, 5628])
('LRG', [1309, 3414])
('PRI', [1312, 5697])
('FNO', [1327, 5590])
('GMF', [1337, 3738])
('FWB', [1339, 4483])
('IJH', [1343, 4307])
('GZX', [1356, 4416])
('OOV', [1359, 3327])
('SQR', [1365, 3194])
('QRC', [1366, 3195])
('NWH', [1381, 5839])
('UFI', [1387, 1701])
('DQJ', [1422, 4602])
('ZWG', [1435, 3079])
('WGV', [1436, 2402])
('JOP', [1442, 3250])
('OPE', [1443, 2340])
('UNT', [1461, 1905])
('EQH', [1466, 6257])
('QHV', [1467, 6258])
('HVB', [1468, 6259])
('VBK', [1469, 4983])
('BKG', [1470, 4338])
('TAG', [1473, 3367])
('AGV', [1474, 3368])
('GVB', [1475, 1943])
('BVO', [1477, 4390])
('OYC', [1479, 6474])
('CKU', [1481, 5771])
('KUL', [1487, 4619])
('QBE', [1491, 2763])
('BEZ', [1492, 2812])
('YSQ', [1496, 3193])
('PHS', [1501, 5905])
('RRK', [1510, 3171])
('GOK', [1515, 2956])
('VCA', [1520, 4070])
('OBA', [1541, 3629])
('YSG', [1544, 4045])
('SGO', [1545, 1748])
('KID', [1549, 5989])
('IDR', [1550, 5990])
('DRX', [1551, 5991])
('RXL', [1552, 5992])
('FQR', [1556, 5660])
('ZUY', [1566, 5130])
('YVG', [1568, 5132])
('LWA', [1571, 2066])
('YFR', [1574, 4730])
('PQA', [1578, 5442])
('XIG', [1601, 4253])
('EGV', [1606, 2390])
('GVL', [1607, 2687])
('VLH', [1608, 2170])
('AXP', [1627, 3151])
('RUV', [1634, 1732])
('AFA', [1638, 4650])
('ZGV', [1643, 5627])
('JHR', [1646, 6363])
('ANB', [1659, 3880])
('UPA', [1667, 3899])
('PAV', [1668, 6243])
('FDB', [1672, 3916])
('ALV', [1675, 3451])
('IFK', [1689, 6099])
('FKP', [1690, 2160])
('IJV', [1703, 6266])
('ZBX', [1707, 2967])
('GNS', [1713, 5340])
('SGJ', [1715, 4844])
('VBX', [1728, 1944])
('VAD', [1734, 3066])
('ADC', [1735, 3067])
('DCT', [1736, 3068])
('XOI', [1745, 2969])
('OIS', [1746, 5581])
('XIF', [1757, 5294])
('IFE', [1758, 2964])
('VSS', [1766, 3596])
('HQW', [1777, 3541])
('QWP', [1778, 2378])
('WPC', [1779, 2379])
('NXV', [1789, 1993])
('QEK', [1794, 5037])
('BTQ', [1798, 6094])
('GUU', [1810, 2710])
('FRG', [1820, 3332])
('RGK', [1821, 4991])
('YYO', [1828, 5080])
('BQH', [1833, 3534])
('QHW', [1834, 3547])
('RVX', [1839, 4011])
('VTS', [1849, 3558])
('WFN', [1856, 5589])
('HZW', [1870, 6109])
('ZWY', [1871, 4871])
('NMO', [1889, 2141])
('MOS', [1890, 2142])
('OSR', [1891, 2143])
('SRR', [1892, 2144])
('RRU', [1893, 2145])
('LSV', [1898, 2150])
('MAW', [1933, 4513])
('AWG', [1934, 4514])
('TZJ', [1954, 2050])
('VDE', [1964, 2990])
('WZK', [1974, 6435])
('KKR', [1976, 5396])
('KRX', [1977, 5397])
('SSF', [1987, 3397])
('SFQ', [1988, 5330])
('FQO', [1989, 3571])
('QOP', [1990, 2254])
('VRO', [1995, 2745])
('EZN', [2006, 4874])
('CEQ', [2019, 2465])
('QIZ', [2021, 6201])
('VRG', [2029, 3925])
('RGJ', [2030, 4931])
('XWO', [2035, 2575])
('WOY', [2036, 6473])
('DGT', [2059, 6406])
('KCJ', [2063, 5051])
('CJL', [2064, 5052])
('PKM', [2076, 3168])
('MBP', [2078, 2666])
('PBM', [2080, 2668])
('MKW', [2083, 2383])
('WEC', [2091, 2199])
('CSU', [2093, 4529])
('SUD', [2094, 4530])
('DZO', [2096, 4695])
('WWT', [2102, 6209])
('WTX', [2103, 6210])
('XQZ', [2105, 4673])
('KOA', [2111, 6437])
('SPE', [2120, 6342])
('UCK', [2123, 3479])
('RYG', [2134, 6541])
('JSB', [2137, 3575])
('SGZ', [2156, 5301])
('GZA', [2157, 5856])
('SQG', [2163, 2673])
('PGI', [2173, 3787])
('ZOG', [2180, 5156])
('SGY', [2187, 3143])
('RFZ', [2193, 2457])
('VUF', [2206, 3714])
('FAL', [2208, 4332])
('PWA', [2215, 4742])
('AVI', [2217, 2793])
('VIW', [2218, 4968])
('MHG', [2222, 2396])
('RIF', [2225, 5093])
('IFZ', [2226, 3321])
('QHG', [2230, 6036])
('NYV', [2242, 2986])
('YVY', [2243, 3497])
('YZW', [2261, 4870])
('UCA', [2276, 4856])
('WYV', [2280, 3267])
('VSA', [2282, 6383])
('TKX', [2286, 5411])
('VPS', [2292, 6513])
('UUU', [2310, 6393])
('ALO', [2317, 3721])
('OQZ', [2333, 4205])
('HYK', [2350, 5745])
('CAZ', [2361, 3285])
('JLP', [2364, 2904])
('SIO', [2367, 4323])
('OPG', [2373, 4860])
('PGF', [2374, 2506])
('PCE', [2380, 2906])
('GVX', [2391, 4179])
('NMH', [2395, 4385])
('HGN', [2397, 3695])
('HWG', [2401, 3343])
('GVQ', [2403, 5381])
('VQV', [2404, 5382])
('BGZ', [2409, 6176])
('QII', [2416, 5304])
('WRR', [2426, 4688])
('RMZ', [2428, 4997])
('MZQ', [2429, 3386])
('ZQS', [2430, 3387])
('SGV', [2432, 3428])
('RHR', [2438, 4022])
('RBV', [2440, 5344])
('DTN', [2444, 5204])
('TNI', [2445, 4809])
('NIK', [2446, 4810])
('IKS', [2447, 4811])
('MHV', [2450, 4814])
('VOA', [2452, 4816])
('OAM', [2453, 6440])
('RCE', [2464, 5645])
('FSV', [2476, 4264])
('DMH', [2480, 5437])
('GJW', [2491, 2803])
('OOW', [2519, 2747])
('OWV', [2520, 2748])
('WVC', [2521, 2749])
('VCI', [2522, 2750])
('RNJ', [2536, 2740])
('NJK', [2537, 2741])
('JKL', [2538, 2742])
('IAR', [2546, 3710])
('UKU', [2554, 5026])
('MES', [2562, 4842])
('GHG', [2568, 3778])
('GVV', [2570, 6038])
('EYK', [2584, 3850])
('KQK', [2586, 4806])
('GUY', [2590, 5844])
('YHV', [2592, 3662])
('AVS', [2599, 4915])
('VSE', [2600, 6032])
('YEH', [2605, 3805])
('UKB', [2608, 4108])
('SGR', [2612, 4995])
('GRW', [2613, 3232])
('NEU', [2621, 3054])
('EUL', [2622, 4746])
('ULV', [2623, 4747])
('VZU', [2625, 3178])
('TLG', [2628, 4296])
('PXW', [2641, 5929])
('TWB', [2647, 3919])
('QZM', [2657, 2693])
('TCF', [2678, 4370])
('GUG', [2697, 6339])
('PGB', [2702, 4411])
('GBL', [2703, 4425])
('EFG', [2714, 2942])
('DPU', [2717, 5405])
('PUK', [2718, 6354])
('ROO', [2746, 3326])
('VFJ', [2766, 5562])
('FJM', [2767, 4615])
('YQJ', [2771, 2951])
('QJM', [2772, 2952])
('JMC', [2773, 2953])
('LWP', [2780, 5984])
('GAV', [2792, 5266])
('IYS', [2796, 3228])
('YSK', [2797, 3229])
('SKG', [2798, 3230])
('RLG', [2801, 4704])
('ICK', [2819, 4355])
('CKI', [2820, 4356])
('VRK', [2829, 5481])
('FUH', [2840, 5408])
('UHT', [2841, 5409])
('FSB', [2848, 4951])
('SBK', [2849, 3581])
('BRN', [2871, 5631])
('RNM', [2872, 4384])
('SFG', [2876, 4058])
('GSG', [2878, 3346])
('XSE', [2888, 6317])
('VDI', [2892, 4216])
('GIA', [2896, 3416])
('NIJ', [2902, 4306])
('LPC', [2905, 3745])
('FOP', [2926, 3034])
('OPJ', [2927, 3035])
('PJP', [2928, 3036])
('JPI', [2929, 3037])
('PIQ', [2930, 3038])
('IQS', [2931, 4583])
('QSV', [2932, 5332])
('RJG', [2938, 4558])
('CSY', [2949, 3753])
('CGO', [2955, 4545])
('EZB', [2966, 3905])
('OIA', [2970, 4477])
('IAH', [2971, 5791])
('AHU', [2972, 5792])
('HUZ', [2973, 5793])
('UZJ', [2974, 5794])
('JAN', [2984, 4016])
('EYO', [2992, 3028])
('YOD', [2993, 3029])
('SAF', [2996, 3032])
('EOM', [3004, 4320])
('OMP', [3005, 3641])
('PGG', [3014, 4861])
('UWG', [3019, 6262])
('NGZ', [3023, 4415])
('EUW', [3055, 4099])
('UWR', [3056, 4100])
('WRT', [3057, 4101])
('RTE', [3058, 4102])
('CQZ', [3077, 6224])
('PKL', [3084, 4536])
('KVU', [3089, 3713])
('RYV', [3094, 5962])
('YVO', [3095, 5963])
('PXP', [3109, 6352])
('IZW', [3114, 5946])
('ZWK', [3115, 5419])
('KPA', [3119, 4607])
('DPM', [3125, 5021])
('PML', [3126, 5022])
('LWF', [3128, 5714])
('ZSR', [3140, 4940])
('FVZ', [3177, 4656])
('WBE', [3186, 4890])
('VOD', [3210, 6040])
('KVO', [3215, 5969])
('RMD', [3221, 5729])
('MDS', [3222, 3702])
('DSD', [3223, 3487])
('SDV', [3224, 3488])
('DVJ', [3225, 3489])
('CJO', [3249, 5535])
('PAL', [3252, 3900])
('EOW', [3258, 5647])
('BGA', [3261, 5741])
('GAT', [3262, 5058])
('TFA', [3264, 4331])
('VLQ', [3269, 4572])
('LQE', [3270, 4925])
('EOA', [3272, 5144])
('IFA', [3282, 6453])
('JHX', [3288, 3648])
('DMV', [3308, 6140])
('MPK', [3318, 3642])
('IIG', [3337, 5305])
('GGS', [3339, 3345])
('UXS', [3349, 6316])
('LFR', [3356, 4754])
('FRR', [3357, 3621])
('VTU', [3377, 4270])
('BMZ', [3385, 5980])
('SBE', [3389, 3576])
('GSS', [3396, 4692])
('SFC', [3398, 4911])
('ZUP', [3406, 4714])
('WCY', [3410, 4457])
('CAM', [3420, 6495])
('AYN', [3424, 4120])
('OEP', [3443, 3587])
('BPI', [3447, 3591])
('AAL', [3450, 5712])
('PZO', [3470, 5833])
('NDS', [3475, 4375])
('DSG', [3476, 4376])
('VJG', [3490, 5005])
('BGG', [3501, 3907])
('GNJ', [3503, 4211])
('JLO', [3505, 3829])
('ZRD', [3519, 4155])
('IYE', [3528, 3804])
('QHF', [3535, 3727])
('LVH', [3553, 6104])
('VHB', [3554, 4148])
('SBP', [3560, 5451])
('NVQ', [3568, 5776])
('QOA', [3572, 4574])
('AJS', [3574, 4303])
('EBG', [3578, 5740])
('BGS', [3579, 4691])
('ZVS', [3595, 6226])
('GJX', [3600, 4932])
('XWI', [3602, 5930])
('IOV', [3604, 5932])
('QFK', [3618, 3966])
('BAO', [3630, 6168])
('GLA', [3652, 3856])
('KIY', [3660, 3803])
('BXI', [3676, 4252])
('VTA', [3685, 6532])
('TAR', [3686, 6533])
('GNV', [3696, 5650])
('DSB', [3703, 6166])
('BQS', [3705, 4953])
('SQY', [3707, 5949])
('USA', [3717, 6299])
('OGD', [3723, 5466])
('YEP', [3755, 5159])
('POI', [3760, 5164])
('OIZ', [3761, 5165])
('ZVH', [3763, 5167])
('HRI', [3765, 5169])
('RIJ', [3766, 5170])
('IJU', [3767, 5171])
('ZBQ', [3771, 5175])
('YMG', [3775, 4459])
('IGO', [3789, 4437])
('EQG', [3794, 5018])
('QGK', [3795, 5311])
('GKV', [3796, 6179])
('PAB', [3799, 6490])
('GKI', [3802, 5976])
('GYS', [3816, 4044])
('YSZ', [3817, 6220])
('NSY', [3836, 4784])
('SYU', [3837, 4785])
('URT', [3839, 4787])
('RTI', [3840, 4788])
('TIB', [3841, 4789])
('ADQ', [3868, 5032])
('ZKQ', [3871, 6427])
('ZQI', [3911, 5303])
('ODQ', [3929, 6041])
('EKH', [3946, 5623])
('GCI', [3960, 5102])
('SFO', [3975, 6153])
('FOI', [3976, 4174])
('OID', [3977, 6164])
('HPI', [3988, 6196])
('XNA', [4013, 5069])
('GKB', [4060, 5308])
('KBU', [4061, 5909])
('ELW', [4104, 5263])
('KBF', [4109, 5669])
('OGA', [4123, 5923])
('PPX', [4128, 4716])
('PXM', [4129, 5641])
('RDW', [4156, 4960])
('OAE', [4169, 4817])
('IOX', [4176, 5873])
('XGV', [4178, 5003])
('VXB', [4180, 4228])
('QOV', [4195, 4226])
('PWH', [4201, 5125])
('UOQ', [4204, 5252])
('ZAH', [4207, 5683])
('AHV', [4208, 4736])
('XCE', [4220, 4718])
('VJV', [4237, 4765])
('JVV', [4238, 4766])
('QPQ', [4241, 4769])
('PQJ', [4242, 4770])
('JSQ', [4244, 4772])
('CAU', [4257, 4857])
('AUO', [4258, 4858])
('TUP', [4271, 5903])
('PKV', [4273, 5968])
('QAG', [4291, 5443])
('LGH', [4297, 4705])
('RNB', [4300, 4708])
('NBA', [4301, 4709])
('JSN', [4304, 5972])
('ZRG', [4317, 6516])
('GEO', [4319, 5143])
('LSQ', [4334, 5054])
('GTR', [4340, 6407])
('RJW', [4342, 5506])
('FRN', [4352, 4731])
('KIA', [4357, 5977])
('AVM', [4359, 6244])
('QND', [4374, 4563])
('VRN', [4383, 4402])
('HBP', [4395, 5595])
('BPQ', [4396, 5596])
('XFR', [4418, 6539])
('QUM', [4440, 4548])
('ZUH', [4450, 6386])
('UHV', [4451, 5363])
('LWB', [4472, 4592])
('BTV', [4474, 5578])
('TVO', [4475, 5579])
('BNT', [4485, 6456])
('VAI', [4500, 5268])
('PRQ', [4504, 4624])
('RQZ', [4505, 4625])
('GHM', [4511, 6398])
('CSM', [4524, 5040])
('RLQ', [4541, 5249])
('QNC', [4543, 6555])
('BGO', [4551, 5195])
('NDQ', [4564, 5356])
('RIQ', [4582, 5698])
('QSP', [4584, 5532])
('CAC', [4635, 4683])
('SYR', [4641, 6336])
('AQN', [4652, 6215])
('QNT', [4653, 6216])
('VZS', [4657, 5809])
('GRD', [4701, 4959])
('CEO', [4719, 5646])
('TLW', [4800, 6120])
('QKT', [4807, 4978])
('KTN', [4808, 5525])
('EAJ', [4830, 5214])
('CXQ', [4834, 6277])
('PNR', [4908, 5877])
('VTW', [4921, 6232])
('EJS', [4927, 5328])
('UHG', [4957, 6387])
('YOV', [4966, 6130])
('MTG', [4974, 5246])
('KTZ', [4979, 6506])
('WFC', [4987, 5655])
('KSG', [4994, 5300])
('QRA', [5034, 6213])
('RAQ', [5035, 6214])
('EKC', [5038, 5050])
('TSE', [5048, 5372])
('NAD', [5070, 5766])
('ADZ', [5071, 5767])
('DZB', [5072, 5768])
('ZBC', [5073, 5769])
('OUU', [5082, 6392])
('YYV', [5086, 5290])
('IOZ', [5104, 5320])
('FBB', [5193, 5360])
('ANX', [5199, 6403])
('NXE', [5200, 6289])
('XGP', [5207, 5875])
('KTX', [5225, 5693])
('YVH', [5291, 5375])
('VHX', [5292, 5376])
('KFB', [5315, 6293])
('SNX', [5415, 6288])
('CUG', [5448, 6204])
('UGS', [5449, 6340])
('CZP', [5520, 5688])
('ZPS', [5521, 5689])
('PST', [5522, 5690])
('STK', [5523, 5691])
('TKT', [5524, 5692])
('JST', [5564, 5780])
('TAN', [5566, 5782])
('ANH', [5567, 5783])
('NHX', [5568, 5784])
('WXG', [5610, 6464])
('NVO', [5651, 6280])
('LSY', [5666, 6485])
('EKI', [5674, 5818])
('KIB', [5675, 5819])
('ZDO', [5723, 6182])
('DOE', [5724, 6183])
('VVG', [5736, 6412])
('HPO', [5749, 5997])
('PJS', [5779, 6012])
('BXA', [5788, 6124])
('ZFC', [5827, 6270])
('SGA', [5891, 6482])
('QBT', [5901, 6236])
('UVV', [5915, 6411])
('OVP', [5999, 6131])
('SAC', [6003, 6014])
('WGH', [6069, 6468])
('WQB', [6239, 6479])
('DJZ', [6248, 6416])
('JZG', [6249, 6417])
('CBG', [6272, 6380])
('OZV', [6432, 6444])
('ZVW', [6433, 6445])
('VWZ', [6434, 6446])
